Newreno/Reno:
*************
tcp1

CBR = [1, 2, 3, 4, 5, 6, 7, 8, 9, 10, 11, 12, 13. 14, 15]
Latency = [0.0633, 0.0633, 0.0633, 0.0633, 0.0668, 0.0818, 0.0984, 0.0747, 0.0787, 0.2501]
Packetdroprate = [0.0000, 0.0000, 0.0000, 0.0000, 0.0000, 0.0000, 0.0000, 2.3120, 3.6007, 4.5685]
throughput = [2438.81, 2437.22, 2435.14, 2436.10, 2307.64, 1879.73, 1560.88, 997.62, 708.21, 169.52]
==============

tcp2

Latency = [0.0634, 0.0634, 0.0634, 0.0634, 0.0670, 0.0821, 0.0988, 0.0776, 0.1307, 1.1280]
Packetdroprate = [0.0000, 0.0000, 0.0000, 0.0000, 0.0000, 0.0000, 0.0000,1.6675, 5.9857, 2.3750]
throughput = [2431.24, 2431.06, 2431.21, 2429.18, 2300.65, 1872.78, 1548.56, 996.21, 374.92, 65.14]

______________________________________________________________________________________________
Newreno/Vegas:
**************

tcp1

CBR = [1, 2, 3, 4, 5, 6, 7, 8, 9, 10, 11, 12, 13. 14, 15]
Latency = [0.0633, 0.0633, 0.0632, 0.0633, 0.0654, 0.0734, 0.0802, 0.0804, 0.0814, 1.1360]
Packetdroprate = [0.0000, 0.0000, 0.0000, 0.0000, 0.0000, 0.0000, 0.0000, 0.6614, 2.4273, 2.7942]
throughput = [2436.09, 2434.01, 2434.23, 2435.98, 2368.21, 2103.79, 1923.56, 1397.85, 838.21, 65.14]
==============

tcp2

Latency = [0.0632, 0.0632, 0.0632, 0.0632, 0.0655, 0.0742, 0.0810, 0.0840, 0.1261, 0.0998]
Packetdroprate = [0.0000, 0.0000, 0.0000, 0.0000, 0.0000, 0.0000, 0.0000, 0.6560, 3.6197, 0.0000]
throughput = [2228.09, 2228.09, 2227.16, 2221.04, 2128.39, 1580.03, 914.83, 564.19, 236.93, 387.61]


