Tahoe:
******

CBR = [1, 2, 3, 4, 5, 6, 7, 8, 9, 10, 11, 12, 13. 14, 15]
Latency = [0.062924, 0.062926, 0.062919, 0.062959,  0.062982, 0.062965, 0.063292, 0.080410, 0.090918, 1.010050]
Packetdroprate = [0.000000, 0.000000, 0.000000, 0.000000, 0.000000, 0.000000, 0.000000, 0.000000, 0.022500, 0.194175]
throughput = [93.82, 93.81, 93.81, 93.71, 93.73, 93.64, 92.94, 72.83, 40.47, 3.70]
==============
Latency = [0.0630, 0.0630, 0.0630, 0.0630, 0.0631, 0.0630, 0.0634, 0.0805, 0.0809, 1.0169]
Packetdroprate = [0.000000, 0.000000, 0.000000, 0.000000, 0.000000, 0.000000, 0.000000, 0.000000, 2.9396, 2.8001]
throughput = [2461.13, 2460.76, 2460.70, 2458.16, 2458.59, 2456.25, 2437.72, 1909.62, 1059.92, 95.56]


Reno:
*****
CBR = [1, 2, 3, 4, 5, 6, 7, 8, 9, 10, 11, 12, 13. 14, 15]
Latency = [0.062924, 0.062926, 0.062919, 0.062959, 0.062982, 0.062965, 0.063292, 0.080410, 0.094381, 1.010050]
Packetdroprate = [0.000000, 0.000000, 0.000000, 0.000000, 0.000000, 0.000000, 0.000000, 0.000000, 0.031700, 0.178218]
throughput = [93.82, 93.81, 93.81, 93.71, 93.73, 93.64, 92.94, 72.83, 35.01, 3.70]
==============
Latency = [0.0630, 0.0630, 0.0630, 0.0630, 0.0631, 0.0630, 0.0634, 0.0805, 0.0843, 1.0169]
Packetdroprate = [0.000000, 0.000000, 0.000000, 0.000000, 0.000000, 0.000000, 0.000000, 0.000000, 3.6174, 2.5201]
throughput = [2461.13, 2460.76, 2460.70, 2458.16, 2458.59, 2456.25, 2437.72, 1909.62, 916.69, 95.56]


Newreno:
********
CBR = [1, 2, 3, 4, 5, 6, 7, 8, 9, 10, 11, 12, 13. 14, 15]
Latency = [0.062924, 0.062926, 0.062919, 0.062959, 0.062982, 0.062965, 0.063292, 0.080410, 0.088100, 1.010050]
Packetdroprate = [0.000000, 0.000000, 0.000000, 0.000000, 0.000000, 0.000000, 0.000000, 0.000000, 0.026738, 0.186275] 
throughput = [93.82, 93.81, 93.81, 93.71, 93.73, 93.64, 92.94, 72.83, 38.40, 3.70]
==============
Latency = [0.0630, 0.0630, 0.0630, 0.0630, 0.0631, 0.0630, 0.0634, 0.0805, 0.0748, 1.0169]
Packetdroprate = [0.000000, 0.000000, 0.000000, 0.000000, 0.000000, 0.000000, 0.000000, 0.000000, 3.3298, 2.6601]
throughput = [2461.13, 2460.76, 2460.70, 2458.16, 2458.59, 2456.25, 2437.72, 1909.62, 1005.76, 95.56]


Vegas:
********
CBR = [1, 2, 3, 4, 5, 6, 7, 8, 9, 10, 11, 12, 13. 14, 15]
Latency = [ 0.062799, 0.062862, 0.062864, 0.062869, 0.062777, 0.062943,  0.063263, 0.070239, 0.086521, 0.955145]
Packetdroprate = [0.000000, 0.000000, 0.000000, 0.000000, 0.000000, 0.000000, 0.000000, 0.000000, 0.000000, 0.236842]
throughput = [89.03, 88.98, 88.94, 88.93, 89.02, 88.66, 88.02, 70.85, 39.53, 2.58]
==============
Latency = [0.0629, 0.0629, 0.0629, 0.0629, 0.0629, 0.0630, 0.0633, 0.0703, 0.0867, 1.0675]
Packetdroprate = [0.000000, 0.000000, 0.000000, 0.000000, 0.000000, 0.000000, 0.000000, 0.000000, 0.000000, 2.5096]
throughput = [2247.98, 2246.78, 2245.66, 2245.43, 2247.84, 2238.73, 2222.39, 1788.77, 997.98, 64.69]
