Throughput with Reno
*****************************

DropTail-tcp-Reno
DropTail-cbr-Reno
RED-tcp-Reno
RED-cbr-Reno


X1 = [0.030096, 0.530832, 1.031568, 1.532304, 2.033264, 2.503664, 3.045940, 3.501890, 4.004706, 4.500866, 5.001602, 5.031106]
X2 = [2.032400, 2.034032, 2.035664, 2.037296, 2.038928, 2.500400, 3.000276, 3.500226, 4.000642, 4.069922]
X3 = [0.030096, 0.530832, 1.031568, 1.532304, 2.033264, 2.525708, 3.033609, 3.504969, 4.006597, 4.507333, 5.008069, 5.022213]
X4 = [2.032400, 2.034032, 2.035664, 2.037296, 2.038928, 2.500844, 3.000745, 3.500105, 4.000400, 4.031511]


Y1 = [0.000000, 1411.218615, 2016.658136, 2226.398939, 2332.564783, 2226.624659, 1882.111926, 1777.234579, 1736.916518, 1822.724782, 1906.397190, 1915.062016]
Y2 = [0.000000, 235.072873, 448.631673, 643.500644, 822.030415, 7689.848122, 8629.618225, 8756.014094, 8701.206913, 8688.250089]
Y3 = [0.000000, 1411.218615, 2016.658136, 2226.398939, 2332.564783, 2032.602344, 1810.226697, 1756.683155, 1580.353602, 1502.618067, 1533.461300, 1558.962155]
Y4 = [0.000000, 235.072873, 448.631673, 643.500644, 822.030415, 8385.844694, 8657.550125, 8660.727082, 8786.242751, 8789.516769]







############################################################################################################################################

Throughput with SACk
***************************

DropTail-tcp-SACK
DropTail-cbr-SACK
RED-tcp-SACK
RED-cbr-SACK


X1 = [0.030096, 0.530832, 1.031568, 1.532304, 2.033264, 2.503664, 3.034960, 3.537136, 4.006800, 4.500400, 5.000304, 5.029936]  
X2 = [2.032400, 2.034032, 2.035664, 2.037296, 2.038928, 2.500400, 3.000496, 3.500272, 4.000336, 4.059728]
X3 = [0.030096, 0.530832, 1.031568, 1.532304, 2.033264, 2.502672, 3.006597, 3.519426, 4.003202, 4.503938, 5.004674, 5.016802]
X4 = [2.032400, 2.034032, 2.035664, 2.037296, 2.038928, 2.500208, 3.000400, 3.500162, 4.000738, 4.032098]


Y1 = [0.000000, 1411.218615, 2016.658136, 2226.398939, 2332.564783, 2226.624659, 1982.128265, 1860.669197, 1750.544075, 1780.392854, 1866.958489, 1882.425542]
Y2 = [0.000000, 235.072873, 448.631673, 643.500644, 822.030415, 7689.848122, 8403.831699, 8558.448068, 8702.537974, 8719.597927]
Y3 = [0.000000, 1411.218615, 2016.658136, 2226.398939, 2332.564783, 2124.449388, 1867.998937, 1735.282969, 1666.905642, 1664.463410, 1747.294629, 1759.654856]
Y4 = [0.000000, 235.072873, 448.631673, 643.500644, 822.030415, 8204.586892, 8668.532587, 8735.056614, 8768.764326, 8771.230521]








